accountId,AA,BB,CC,DD,EE,FF,GG
A1,557.46,718.8,479.17,378.04,478.27,445.16
A2,638.95,523.64,560.44,634.61,611.72,432.09,209.25
A3,395.43,554.47,629.35,425.66,507.94,417.84,899.49
A4,153.24,119.2,709.95,445.7,633.25,814.95,374.78
A5,409.45,355.48,478.12,616.65,594.08,433.78,886.19
A6,369.79,429.71,356.71,471.61,153.91,604.08
A7,636.89,473.81,83.29,645.56,562.9,480.38,390.14
A8,654.88,380.66,522.31,339.16,197.21,410.06,487.64
A9,423.6,803.45,449.39,767.78,556.33,683.67,697.35
A10,566.38,597.45,255.08,679.7,558.26,351.23
A11,659.89,393.42,15.86,412.69,706.38,359.54
A12,777.93,261.58,586.46,499.17,629.97,827.76
A13,602.72,150.04,761.63,552.57,431.51,616.14,495.44
A14,539.16,471.66,395.61,733.77,719.5,493.5,676.57
A15,273.85,480.24,549.38,532.21,3.4,216.16,149.36
A16,429.25,615.21,488.76,487.3,820.45,514.37,492.74
A17,701.4,533.15,715.89,957.65,386.3,664.57,668.83
A18,515.05,467.05,603.58,429.61,449.88,183.53,636.88
A19,349.3,357.72,694.68,497.16,532.33,448.96,612.81
A20,554.78,659.85,257.04,654.36,578.75,770.4
A21,935.71,634.89,529.36,685.22,228.62,633.18
A22,421.92,678.96,851.03,645.18,125.64,728.98
A23,672.06,423.53,909.93,503.59,517.08,659.2,864.07
A24,168.39,913.41,858.29,116.68,298.56,648.78,494.94
A25,459.06,775.18,825.71,183.56,643.22,442.1
A26,327.03,237.01,181.0,331.15,481.32,442.17,290.02
A27,124.91,517.09,512.1,592.84,184.7,507.91,338.11
A28,338.76,785.01,344.06,376.06,575.11,807.54
A29,983.69,420.57,317.95,499.88,533.39,802.4,699.22
A30,195.72,616.49,252.14,366.74,733.04,523.42,566.49
A31,554.39,655.4,589.75,465.96,833.57,577.37,507.21
A32,656.64,415.76,222.95,392.17,454.5,623.13,542.7
A33,432.2,313.24,665.24,427.95,265.01,726.61,278.28
A34,714.81,372.32,484.77,73.1,567.0,229.22,514.17
A35,770.22,630.3,746.35,426.91,558.3,610.34,453.22
A36,375.83,690.62,251.4,478.06,738.31,598.32
A37,773.09,812.64,607.88,864.68,396.22,763.82,594.92
A38,448.38,486.54,316.25,413.19,402.32,696.04,409.29
A39,669.61,528.8,609.03,51.55,362.92,410.77
A40,827.69,565.58,796.71,370.52,606.82,430.52
A41,533.87,507.93,120.49,527.07,777.29,170.59,628.98
A42,499.93,436.5,736.21,590.87,401.96,541.48,350.65
A43,614.72,455.88,718.95,602.53,189.56,470.25,520.12
A44,620.8,852.46,415.2,264.57,363.69,584.79,505.02
A45,67.43,858.61,364.69,330.01,365.75,444.92
A46,430.19,499.36,325.62,679.05,656.59,522.59,387.27
A47,404.26,373.06,74.96,796.9,743.9,896.29,588.1
A48,432.6,402.8,622.45,66.05,367.33,486.37
A49,292.96,521.37,467.51,652.76,423.61